(kicad_pcb (version 20171130) (host pcbnew "(5.0.1-3-g963ef8bb5)")

  (general
    (thickness 1.6)
    (drawings 12)
    (tracks 337)
    (zones 0)
    (modules 29)
    (nets 38)
  )

  (page A4)
  (layers
    (0 F.Cu signal)
    (31 B.Cu signal)
    (32 B.Adhes user)
    (33 F.Adhes user)
    (34 B.Paste user)
    (35 F.Paste user)
    (36 B.SilkS user)
    (37 F.SilkS user)
    (38 B.Mask user)
    (39 F.Mask user)
    (40 Dwgs.User user)
    (41 Cmts.User user)
    (42 Eco1.User user)
    (43 Eco2.User user)
    (44 Edge.Cuts user)
    (45 Margin user)
    (46 B.CrtYd user)
    (47 F.CrtYd user)
    (48 B.Fab user)
    (49 F.Fab user)
  )

  (setup
    (last_trace_width 0.4)
    (trace_clearance 0.3)
    (zone_clearance 1)
    (zone_45_only no)
    (trace_min 0.2)
    (segment_width 0.2)
    (edge_width 0.15)
    (via_size 1.5)
    (via_drill 0.8)
    (via_min_size 0.4)
    (via_min_drill 0.3)
    (uvia_size 0.3)
    (uvia_drill 0.1)
    (uvias_allowed no)
    (uvia_min_size 0.2)
    (uvia_min_drill 0.1)
    (pcb_text_width 0.3)
    (pcb_text_size 1.5 1.5)
    (mod_edge_width 0.15)
    (mod_text_size 1 1)
    (mod_text_width 0.15)
    (pad_size 1.524 1.524)
    (pad_drill 0.762)
    (pad_to_mask_clearance 0.2)
    (solder_mask_min_width 0.25)
    (aux_axis_origin 213.36 57.658)
    (grid_origin 213.106 57.658)
    (visible_elements FFFFFF7F)
    (pcbplotparams
      (layerselection 0x00030_80000001)
      (usegerberextensions false)
      (usegerberattributes false)
      (usegerberadvancedattributes false)
      (creategerberjobfile false)
      (excludeedgelayer true)
      (linewidth 0.100000)
      (plotframeref false)
      (viasonmask false)
      (mode 1)
      (useauxorigin false)
      (hpglpennumber 1)
      (hpglpenspeed 20)
      (hpglpendiameter 15.000000)
      (psnegative false)
      (psa4output false)
      (plotreference true)
      (plotvalue true)
      (plotinvisibletext false)
      (padsonsilk false)
      (subtractmaskfromsilk false)
      (outputformat 1)
      (mirror false)
      (drillshape 1)
      (scaleselection 1)
      (outputdirectory ""))
  )

  (net 0 "")
  (net 1 /LOAD)
  (net 2 /CLK)
  (net 3 GND)
  (net 4 +3V3)
  (net 5 "Net-(RN1-Pad2)")
  (net 6 "Net-(RN1-Pad3)")
  (net 7 "Net-(RN1-Pad4)")
  (net 8 "Net-(RN1-Pad5)")
  (net 9 "Net-(RN1-Pad6)")
  (net 10 "Net-(D1-Pad2)")
  (net 11 "Net-(RN2-Pad2)")
  (net 12 "Net-(RN2-Pad3)")
  (net 13 "Net-(RN2-Pad4)")
  (net 14 "Net-(RN2-Pad5)")
  (net 15 "Net-(RN2-Pad6)")
  (net 16 "Net-(C4-Pad1)")
  (net 17 "Net-(J1-Pad2)")
  (net 18 "Net-(J1-Pad3)")
  (net 19 /Q)
  (net 20 "Net-(D2-Pad2)")
  (net 21 "Net-(J1-Pad1)")
  (net 22 "Net-(J1-Pad6)")
  (net 23 "Net-(S4-Pad3)")
  (net 24 "Net-(S6-Pad3)")
  (net 25 +5V)
  (net 26 "Net-(U3-Pad4)")
  (net 27 "Net-(U1-Pad7)")
  (net 28 /Q_intermediate)
  (net 29 "Net-(U2-Pad7)")
  (net 30 "Net-(S1-Pad3)")
  (net 31 "Net-(S2-Pad3)")
  (net 32 "Net-(S3-Pad3)")
  (net 33 "Net-(S5-Pad3)")
  (net 34 "Net-(S7-Pad3)")
  (net 35 "Net-(S8-Pad3)")
  (net 36 "Net-(S9-Pad3)")
  (net 37 "Net-(S10-Pad3)")

  (net_class Default "This is the default net class."
    (clearance 0.3)
    (trace_width 0.4)
    (via_dia 1.5)
    (via_drill 0.8)
    (uvia_dia 0.3)
    (uvia_drill 0.1)
    (add_net +3V3)
    (add_net +5V)
    (add_net /CLK)
    (add_net /LOAD)
    (add_net /Q)
    (add_net /Q_intermediate)
    (add_net GND)
    (add_net "Net-(C4-Pad1)")
    (add_net "Net-(D1-Pad2)")
    (add_net "Net-(D2-Pad2)")
    (add_net "Net-(J1-Pad1)")
    (add_net "Net-(J1-Pad2)")
    (add_net "Net-(J1-Pad3)")
    (add_net "Net-(J1-Pad6)")
    (add_net "Net-(RN1-Pad2)")
    (add_net "Net-(RN1-Pad3)")
    (add_net "Net-(RN1-Pad4)")
    (add_net "Net-(RN1-Pad5)")
    (add_net "Net-(RN1-Pad6)")
    (add_net "Net-(RN2-Pad2)")
    (add_net "Net-(RN2-Pad3)")
    (add_net "Net-(RN2-Pad4)")
    (add_net "Net-(RN2-Pad5)")
    (add_net "Net-(RN2-Pad6)")
    (add_net "Net-(S1-Pad3)")
    (add_net "Net-(S10-Pad3)")
    (add_net "Net-(S2-Pad3)")
    (add_net "Net-(S3-Pad3)")
    (add_net "Net-(S4-Pad3)")
    (add_net "Net-(S5-Pad3)")
    (add_net "Net-(S6-Pad3)")
    (add_net "Net-(S7-Pad3)")
    (add_net "Net-(S8-Pad3)")
    (add_net "Net-(S9-Pad3)")
    (add_net "Net-(U1-Pad7)")
    (add_net "Net-(U2-Pad7)")
    (add_net "Net-(U3-Pad4)")
  )

  (module LED_THT:LED_D3.0mm_Spread (layer B.Cu) (tedit 5BCF1CAE) (tstamp 5BE80112)
    (at 147.3581 107.8484)
    (descr "LED, diameter 3.0mm, 2 pins")
    (tags "LED diameter 3.0mm 2 pins")
    (path /5B28344D)
    (fp_text reference D1 (at 1.27 2.96) (layer B.SilkS)
      (effects (font (size 1 1) (thickness 0.15)) (justify mirror))
    )
    (fp_text value LED (at 1.27 -2.96) (layer B.Fab)
      (effects (font (size 1 1) (thickness 0.15)) (justify mirror))
    )
    (fp_arc (start 1.27 0) (end -0.23 1.16619) (angle -284.3) (layer B.Fab) (width 0.1))
    (fp_arc (start 1.27 0) (end -0.29 1.235516) (angle -108.8) (layer B.SilkS) (width 0.12))
    (fp_arc (start 1.27 0) (end -0.29 -1.235516) (angle 108.8) (layer B.SilkS) (width 0.12))
    (fp_arc (start 1.27 0) (end 0.229039 1.08) (angle -87.9) (layer B.SilkS) (width 0.12))
    (fp_arc (start 1.27 0) (end 0.229039 -1.08) (angle 87.9) (layer B.SilkS) (width 0.12))
    (fp_circle (center 1.27 0) (end 2.77 0) (layer B.Fab) (width 0.1))
    (fp_line (start -0.23 1.16619) (end -0.23 -1.16619) (layer B.Fab) (width 0.1))
    (fp_line (start -0.29 1.236) (end -0.29 1.08) (layer B.SilkS) (width 0.12))
    (fp_line (start -0.29 -1.08) (end -0.29 -1.236) (layer B.SilkS) (width 0.12))
    (fp_line (start -1.15 2.25) (end -1.15 -2.25) (layer B.CrtYd) (width 0.05))
    (fp_line (start -1.15 -2.25) (end 3.7 -2.25) (layer B.CrtYd) (width 0.05))
    (fp_line (start 3.7 -2.25) (end 3.7 2.25) (layer B.CrtYd) (width 0.05))
    (fp_line (start 3.7 2.25) (end -1.15 2.25) (layer B.CrtYd) (width 0.05))
    (pad 1 thru_hole rect (at -0.7 0) (size 1.8 1.8) (drill 0.9) (layers *.Cu *.Mask)
      (net 3 GND))
    (pad 2 thru_hole circle (at 2.54 0) (size 1.8 1.8) (drill 0.9) (layers *.Cu *.Mask)
      (net 10 "Net-(D1-Pad2)"))
    (model ${KISYS3DMOD}/LED_THT.3dshapes/LED_D3.0mm.wrl
      (at (xyz 0 0 0))
      (scale (xyz 1 1 1))
      (rotate (xyz 0 0 0))
    )
  )

  (module Capacitor_SMD:C_1206_3216Metric_Pad1.42x1.75mm_HandSolder (layer F.Cu) (tedit 5B301BBE) (tstamp 5BDB9EBD)
    (at 158.8897 97.3836)
    (descr "Capacitor SMD 1206 (3216 Metric), square (rectangular) end terminal, IPC_7351 nominal with elongated pad for handsoldering. (Body size source: http://www.tortai-tech.com/upload/download/2011102023233369053.pdf), generated with kicad-footprint-generator")
    (tags "capacitor handsolder")
    (path /5B42FD0B)
    (attr smd)
    (fp_text reference C4 (at 0 -1.82) (layer F.SilkS)
      (effects (font (size 1 1) (thickness 0.15)))
    )
    (fp_text value 470pF (at 0 1.82) (layer F.Fab)
      (effects (font (size 1 1) (thickness 0.15)))
    )
    (fp_text user %R (at 0 0) (layer F.Fab)
      (effects (font (size 0.8 0.8) (thickness 0.12)))
    )
    (fp_line (start 2.45 1.12) (end -2.45 1.12) (layer F.CrtYd) (width 0.05))
    (fp_line (start 2.45 -1.12) (end 2.45 1.12) (layer F.CrtYd) (width 0.05))
    (fp_line (start -2.45 -1.12) (end 2.45 -1.12) (layer F.CrtYd) (width 0.05))
    (fp_line (start -2.45 1.12) (end -2.45 -1.12) (layer F.CrtYd) (width 0.05))
    (fp_line (start -0.602064 0.91) (end 0.602064 0.91) (layer F.SilkS) (width 0.12))
    (fp_line (start -0.602064 -0.91) (end 0.602064 -0.91) (layer F.SilkS) (width 0.12))
    (fp_line (start 1.6 0.8) (end -1.6 0.8) (layer F.Fab) (width 0.1))
    (fp_line (start 1.6 -0.8) (end 1.6 0.8) (layer F.Fab) (width 0.1))
    (fp_line (start -1.6 -0.8) (end 1.6 -0.8) (layer F.Fab) (width 0.1))
    (fp_line (start -1.6 0.8) (end -1.6 -0.8) (layer F.Fab) (width 0.1))
    (pad 2 smd roundrect (at 1.4875 0) (size 1.425 1.75) (layers F.Cu F.Paste F.Mask) (roundrect_rratio 0.175439)
      (net 3 GND))
    (pad 1 smd roundrect (at -1.4875 0) (size 1.425 1.75) (layers F.Cu F.Paste F.Mask) (roundrect_rratio 0.175439)
      (net 16 "Net-(C4-Pad1)"))
    (model ${KISYS3DMOD}/Capacitor_SMD.3dshapes/C_1206_3216Metric.wrl
      (at (xyz 0 0 0))
      (scale (xyz 1 1 1))
      (rotate (xyz 0 0 0))
    )
  )

  (module Capacitor_SMD:C_1206_3216Metric_Pad1.42x1.75mm_HandSolder (layer F.Cu) (tedit 5B301BBE) (tstamp 5BDB9EAD)
    (at 139.122 102.992 270)
    (descr "Capacitor SMD 1206 (3216 Metric), square (rectangular) end terminal, IPC_7351 nominal with elongated pad for handsoldering. (Body size source: http://www.tortai-tech.com/upload/download/2011102023233369053.pdf), generated with kicad-footprint-generator")
    (tags "capacitor handsolder")
    (path /5BDB3764)
    (attr smd)
    (fp_text reference C3 (at 0 -1.82 270) (layer F.SilkS)
      (effects (font (size 1 1) (thickness 0.15)))
    )
    (fp_text value 1uF (at 0 1.82 270) (layer F.Fab)
      (effects (font (size 1 1) (thickness 0.15)))
    )
    (fp_line (start -1.6 0.8) (end -1.6 -0.8) (layer F.Fab) (width 0.1))
    (fp_line (start -1.6 -0.8) (end 1.6 -0.8) (layer F.Fab) (width 0.1))
    (fp_line (start 1.6 -0.8) (end 1.6 0.8) (layer F.Fab) (width 0.1))
    (fp_line (start 1.6 0.8) (end -1.6 0.8) (layer F.Fab) (width 0.1))
    (fp_line (start -0.602064 -0.91) (end 0.602064 -0.91) (layer F.SilkS) (width 0.12))
    (fp_line (start -0.602064 0.91) (end 0.602064 0.91) (layer F.SilkS) (width 0.12))
    (fp_line (start -2.45 1.12) (end -2.45 -1.12) (layer F.CrtYd) (width 0.05))
    (fp_line (start -2.45 -1.12) (end 2.45 -1.12) (layer F.CrtYd) (width 0.05))
    (fp_line (start 2.45 -1.12) (end 2.45 1.12) (layer F.CrtYd) (width 0.05))
    (fp_line (start 2.45 1.12) (end -2.45 1.12) (layer F.CrtYd) (width 0.05))
    (fp_text user %R (at 0 0 270) (layer F.Fab)
      (effects (font (size 0.8 0.8) (thickness 0.12)))
    )
    (pad 1 smd roundrect (at -1.4875 0 270) (size 1.425 1.75) (layers F.Cu F.Paste F.Mask) (roundrect_rratio 0.175439)
      (net 25 +5V))
    (pad 2 smd roundrect (at 1.4875 0 270) (size 1.425 1.75) (layers F.Cu F.Paste F.Mask) (roundrect_rratio 0.175439)
      (net 3 GND))
    (model ${KISYS3DMOD}/Capacitor_SMD.3dshapes/C_1206_3216Metric.wrl
      (at (xyz 0 0 0))
      (scale (xyz 1 1 1))
      (rotate (xyz 0 0 0))
    )
  )

  (module Capacitor_SMD:C_1206_3216Metric_Pad1.42x1.75mm_HandSolder (layer F.Cu) (tedit 5B301BBE) (tstamp 5BDB9E9D)
    (at 164.719 86.106 270)
    (descr "Capacitor SMD 1206 (3216 Metric), square (rectangular) end terminal, IPC_7351 nominal with elongated pad for handsoldering. (Body size source: http://www.tortai-tech.com/upload/download/2011102023233369053.pdf), generated with kicad-footprint-generator")
    (tags "capacitor handsolder")
    (path /5AECE390)
    (attr smd)
    (fp_text reference C2 (at 0 -1.82 270) (layer F.SilkS)
      (effects (font (size 1 1) (thickness 0.15)))
    )
    (fp_text value 1uF (at 0 1.82 270) (layer F.Fab)
      (effects (font (size 1 1) (thickness 0.15)))
    )
    (fp_text user %R (at 0 0) (layer F.Fab)
      (effects (font (size 0.8 0.8) (thickness 0.12)))
    )
    (fp_line (start 2.45 1.12) (end -2.45 1.12) (layer F.CrtYd) (width 0.05))
    (fp_line (start 2.45 -1.12) (end 2.45 1.12) (layer F.CrtYd) (width 0.05))
    (fp_line (start -2.45 -1.12) (end 2.45 -1.12) (layer F.CrtYd) (width 0.05))
    (fp_line (start -2.45 1.12) (end -2.45 -1.12) (layer F.CrtYd) (width 0.05))
    (fp_line (start -0.602064 0.91) (end 0.602064 0.91) (layer F.SilkS) (width 0.12))
    (fp_line (start -0.602064 -0.91) (end 0.602064 -0.91) (layer F.SilkS) (width 0.12))
    (fp_line (start 1.6 0.8) (end -1.6 0.8) (layer F.Fab) (width 0.1))
    (fp_line (start 1.6 -0.8) (end 1.6 0.8) (layer F.Fab) (width 0.1))
    (fp_line (start -1.6 -0.8) (end 1.6 -0.8) (layer F.Fab) (width 0.1))
    (fp_line (start -1.6 0.8) (end -1.6 -0.8) (layer F.Fab) (width 0.1))
    (pad 2 smd roundrect (at 1.4875 0 270) (size 1.425 1.75) (layers F.Cu F.Paste F.Mask) (roundrect_rratio 0.175439)
      (net 4 +3V3))
    (pad 1 smd roundrect (at -1.4875 0 270) (size 1.425 1.75) (layers F.Cu F.Paste F.Mask) (roundrect_rratio 0.175439)
      (net 3 GND))
    (model ${KISYS3DMOD}/Capacitor_SMD.3dshapes/C_1206_3216Metric.wrl
      (at (xyz 0 0 0))
      (scale (xyz 1 1 1))
      (rotate (xyz 0 0 0))
    )
  )

  (module Capacitor_SMD:C_1206_3216Metric_Pad1.42x1.75mm_HandSolder (layer F.Cu) (tedit 5B301BBE) (tstamp 5BDB9E8D)
    (at 134.4422 90.1446 180)
    (descr "Capacitor SMD 1206 (3216 Metric), square (rectangular) end terminal, IPC_7351 nominal with elongated pad for handsoldering. (Body size source: http://www.tortai-tech.com/upload/download/2011102023233369053.pdf), generated with kicad-footprint-generator")
    (tags "capacitor handsolder")
    (path /5AECE346)
    (attr smd)
    (fp_text reference C1 (at 0 -1.82 180) (layer F.SilkS)
      (effects (font (size 1 1) (thickness 0.15)))
    )
    (fp_text value 1uF (at 0 1.82 180) (layer F.Fab)
      (effects (font (size 1 1) (thickness 0.15)))
    )
    (fp_line (start -1.6 0.8) (end -1.6 -0.8) (layer F.Fab) (width 0.1))
    (fp_line (start -1.6 -0.8) (end 1.6 -0.8) (layer F.Fab) (width 0.1))
    (fp_line (start 1.6 -0.8) (end 1.6 0.8) (layer F.Fab) (width 0.1))
    (fp_line (start 1.6 0.8) (end -1.6 0.8) (layer F.Fab) (width 0.1))
    (fp_line (start -0.602064 -0.91) (end 0.602064 -0.91) (layer F.SilkS) (width 0.12))
    (fp_line (start -0.602064 0.91) (end 0.602064 0.91) (layer F.SilkS) (width 0.12))
    (fp_line (start -2.45 1.12) (end -2.45 -1.12) (layer F.CrtYd) (width 0.05))
    (fp_line (start -2.45 -1.12) (end 2.45 -1.12) (layer F.CrtYd) (width 0.05))
    (fp_line (start 2.45 -1.12) (end 2.45 1.12) (layer F.CrtYd) (width 0.05))
    (fp_line (start 2.45 1.12) (end -2.45 1.12) (layer F.CrtYd) (width 0.05))
    (fp_text user %R (at 0 0 180) (layer F.Fab)
      (effects (font (size 0.8 0.8) (thickness 0.12)))
    )
    (pad 1 smd roundrect (at -1.4875 0 180) (size 1.425 1.75) (layers F.Cu F.Paste F.Mask) (roundrect_rratio 0.175439)
      (net 3 GND))
    (pad 2 smd roundrect (at 1.4875 0 180) (size 1.425 1.75) (layers F.Cu F.Paste F.Mask) (roundrect_rratio 0.175439)
      (net 4 +3V3))
    (model ${KISYS3DMOD}/Capacitor_SMD.3dshapes/C_1206_3216Metric.wrl
      (at (xyz 0 0 0))
      (scale (xyz 1 1 1))
      (rotate (xyz 0 0 0))
    )
  )

  (module Diode_SMD:D_1206_3216Metric_Pad1.42x1.75mm_HandSolder (layer F.Cu) (tedit 5B4B45C8) (tstamp 5BDBA956)
    (at 164.2872 97.3836 180)
    (descr "Diode SMD 1206 (3216 Metric), square (rectangular) end terminal, IPC_7351 nominal, (Body size source: http://www.tortai-tech.com/upload/download/2011102023233369053.pdf), generated with kicad-footprint-generator")
    (tags "diode handsolder")
    (path /5BE2CD40)
    (attr smd)
    (fp_text reference D3 (at 0 -1.82 180) (layer F.SilkS)
      (effects (font (size 1 1) (thickness 0.15)))
    )
    (fp_text value 3.3V (at 0 1.82 180) (layer F.Fab)
      (effects (font (size 1 1) (thickness 0.15)))
    )
    (fp_line (start 1.6 -0.8) (end -1.2 -0.8) (layer F.Fab) (width 0.1))
    (fp_line (start -1.2 -0.8) (end -1.6 -0.4) (layer F.Fab) (width 0.1))
    (fp_line (start -1.6 -0.4) (end -1.6 0.8) (layer F.Fab) (width 0.1))
    (fp_line (start -1.6 0.8) (end 1.6 0.8) (layer F.Fab) (width 0.1))
    (fp_line (start 1.6 0.8) (end 1.6 -0.8) (layer F.Fab) (width 0.1))
    (fp_line (start 1.6 -1.135) (end -2.46 -1.135) (layer F.SilkS) (width 0.12))
    (fp_line (start -2.46 -1.135) (end -2.46 1.135) (layer F.SilkS) (width 0.12))
    (fp_line (start -2.46 1.135) (end 1.6 1.135) (layer F.SilkS) (width 0.12))
    (fp_line (start -2.45 1.12) (end -2.45 -1.12) (layer F.CrtYd) (width 0.05))
    (fp_line (start -2.45 -1.12) (end 2.45 -1.12) (layer F.CrtYd) (width 0.05))
    (fp_line (start 2.45 -1.12) (end 2.45 1.12) (layer F.CrtYd) (width 0.05))
    (fp_line (start 2.45 1.12) (end -2.45 1.12) (layer F.CrtYd) (width 0.05))
    (fp_text user %R (at 0 0 180) (layer F.Fab)
      (effects (font (size 0.8 0.8) (thickness 0.12)))
    )
    (pad 1 smd roundrect (at -1.4875 0 180) (size 1.425 1.75) (layers F.Cu F.Paste F.Mask) (roundrect_rratio 0.175439)
      (net 4 +3V3))
    (pad 2 smd roundrect (at 1.4875 0 180) (size 1.425 1.75) (layers F.Cu F.Paste F.Mask) (roundrect_rratio 0.175439)
      (net 3 GND))
    (model ${KISYS3DMOD}/Diode_SMD.3dshapes/D_1206_3216Metric.wrl
      (at (xyz 0 0 0))
      (scale (xyz 1 1 1))
      (rotate (xyz 0 0 0))
    )
  )

  (module Package_TO_SOT_SMD:SOT-23-5 (layer F.Cu) (tedit 5A02FF57) (tstamp 5BDBB292)
    (at 132.6642 95.3008 180)
    (descr "5-pin SOT23 package")
    (tags SOT-23-5)
    (path /5BDFC1D2)
    (attr smd)
    (fp_text reference U3 (at 0 -2.9 180) (layer F.SilkS)
      (effects (font (size 1 1) (thickness 0.15)))
    )
    (fp_text value MIC5504-3.3YM5 (at 0 2.9 180) (layer F.Fab)
      (effects (font (size 1 1) (thickness 0.15)))
    )
    (fp_text user %R (at 0 0 270) (layer F.Fab)
      (effects (font (size 0.5 0.5) (thickness 0.075)))
    )
    (fp_line (start -0.9 1.61) (end 0.9 1.61) (layer F.SilkS) (width 0.12))
    (fp_line (start 0.9 -1.61) (end -1.55 -1.61) (layer F.SilkS) (width 0.12))
    (fp_line (start -1.9 -1.8) (end 1.9 -1.8) (layer F.CrtYd) (width 0.05))
    (fp_line (start 1.9 -1.8) (end 1.9 1.8) (layer F.CrtYd) (width 0.05))
    (fp_line (start 1.9 1.8) (end -1.9 1.8) (layer F.CrtYd) (width 0.05))
    (fp_line (start -1.9 1.8) (end -1.9 -1.8) (layer F.CrtYd) (width 0.05))
    (fp_line (start -0.9 -0.9) (end -0.25 -1.55) (layer F.Fab) (width 0.1))
    (fp_line (start 0.9 -1.55) (end -0.25 -1.55) (layer F.Fab) (width 0.1))
    (fp_line (start -0.9 -0.9) (end -0.9 1.55) (layer F.Fab) (width 0.1))
    (fp_line (start 0.9 1.55) (end -0.9 1.55) (layer F.Fab) (width 0.1))
    (fp_line (start 0.9 -1.55) (end 0.9 1.55) (layer F.Fab) (width 0.1))
    (pad 1 smd rect (at -1.1 -0.95 180) (size 1.06 0.65) (layers F.Cu F.Paste F.Mask)
      (net 25 +5V))
    (pad 2 smd rect (at -1.1 0 180) (size 1.06 0.65) (layers F.Cu F.Paste F.Mask)
      (net 3 GND))
    (pad 3 smd rect (at -1.1 0.95 180) (size 1.06 0.65) (layers F.Cu F.Paste F.Mask)
      (net 25 +5V))
    (pad 4 smd rect (at 1.1 0.95 180) (size 1.06 0.65) (layers F.Cu F.Paste F.Mask)
      (net 26 "Net-(U3-Pad4)"))
    (pad 5 smd rect (at 1.1 -0.95 180) (size 1.06 0.65) (layers F.Cu F.Paste F.Mask)
      (net 4 +3V3))
    (model ${KISYS3DMOD}/Package_TO_SOT_SMD.3dshapes/SOT-23-5.wrl
      (at (xyz 0 0 0))
      (scale (xyz 1 1 1))
      (rotate (xyz 0 0 0))
    )
  )

  (module Resistor_SMD:R_1206_3216Metric_Pad1.42x1.75mm_HandSolder (layer F.Cu) (tedit 5B301BBD) (tstamp 5BDBABF6)
    (at 148.7678 96.4041 270)
    (descr "Resistor SMD 1206 (3216 Metric), square (rectangular) end terminal, IPC_7351 nominal with elongated pad for handsoldering. (Body size source: http://www.tortai-tech.com/upload/download/2011102023233369053.pdf), generated with kicad-footprint-generator")
    (tags "resistor handsolder")
    (path /5BD648A3)
    (attr smd)
    (fp_text reference R5 (at 0 -1.82 270) (layer F.SilkS)
      (effects (font (size 1 1) (thickness 0.15)))
    )
    (fp_text value 470 (at 0 1.82 270) (layer F.Fab)
      (effects (font (size 1 1) (thickness 0.15)))
    )
    (fp_line (start -1.6 0.8) (end -1.6 -0.8) (layer F.Fab) (width 0.1))
    (fp_line (start -1.6 -0.8) (end 1.6 -0.8) (layer F.Fab) (width 0.1))
    (fp_line (start 1.6 -0.8) (end 1.6 0.8) (layer F.Fab) (width 0.1))
    (fp_line (start 1.6 0.8) (end -1.6 0.8) (layer F.Fab) (width 0.1))
    (fp_line (start -0.602064 -0.91) (end 0.602064 -0.91) (layer F.SilkS) (width 0.12))
    (fp_line (start -0.602064 0.91) (end 0.602064 0.91) (layer F.SilkS) (width 0.12))
    (fp_line (start -2.45 1.12) (end -2.45 -1.12) (layer F.CrtYd) (width 0.05))
    (fp_line (start -2.45 -1.12) (end 2.45 -1.12) (layer F.CrtYd) (width 0.05))
    (fp_line (start 2.45 -1.12) (end 2.45 1.12) (layer F.CrtYd) (width 0.05))
    (fp_line (start 2.45 1.12) (end -2.45 1.12) (layer F.CrtYd) (width 0.05))
    (fp_text user %R (at 0 0) (layer F.Fab)
      (effects (font (size 0.8 0.8) (thickness 0.12)))
    )
    (pad 1 smd roundrect (at -1.4875 0 270) (size 1.425 1.75) (layers F.Cu F.Paste F.Mask) (roundrect_rratio 0.175439)
      (net 2 /CLK))
    (pad 2 smd roundrect (at 1.4875 0 270) (size 1.425 1.75) (layers F.Cu F.Paste F.Mask) (roundrect_rratio 0.175439)
      (net 17 "Net-(J1-Pad2)"))
    (model ${KISYS3DMOD}/Resistor_SMD.3dshapes/R_1206_3216Metric.wrl
      (at (xyz 0 0 0))
      (scale (xyz 1 1 1))
      (rotate (xyz 0 0 0))
    )
  )

  (module Resistor_SMD:R_1206_3216Metric_Pad1.42x1.75mm_HandSolder (layer F.Cu) (tedit 5B301BBD) (tstamp 5BDBAF4E)
    (at 152.5143 97.9297 270)
    (descr "Resistor SMD 1206 (3216 Metric), square (rectangular) end terminal, IPC_7351 nominal with elongated pad for handsoldering. (Body size source: http://www.tortai-tech.com/upload/download/2011102023233369053.pdf), generated with kicad-footprint-generator")
    (tags "resistor handsolder")
    (path /5B42E59D)
    (attr smd)
    (fp_text reference R4 (at 0 -1.82 270) (layer F.SilkS)
      (effects (font (size 1 1) (thickness 0.15)))
    )
    (fp_text value 100 (at 0 1.82 270) (layer F.Fab)
      (effects (font (size 1 1) (thickness 0.15)))
    )
    (fp_text user %R (at 0 0 270) (layer F.Fab)
      (effects (font (size 0.8 0.8) (thickness 0.12)))
    )
    (fp_line (start 2.45 1.12) (end -2.45 1.12) (layer F.CrtYd) (width 0.05))
    (fp_line (start 2.45 -1.12) (end 2.45 1.12) (layer F.CrtYd) (width 0.05))
    (fp_line (start -2.45 -1.12) (end 2.45 -1.12) (layer F.CrtYd) (width 0.05))
    (fp_line (start -2.45 1.12) (end -2.45 -1.12) (layer F.CrtYd) (width 0.05))
    (fp_line (start -0.602064 0.91) (end 0.602064 0.91) (layer F.SilkS) (width 0.12))
    (fp_line (start -0.602064 -0.91) (end 0.602064 -0.91) (layer F.SilkS) (width 0.12))
    (fp_line (start 1.6 0.8) (end -1.6 0.8) (layer F.Fab) (width 0.1))
    (fp_line (start 1.6 -0.8) (end 1.6 0.8) (layer F.Fab) (width 0.1))
    (fp_line (start -1.6 -0.8) (end 1.6 -0.8) (layer F.Fab) (width 0.1))
    (fp_line (start -1.6 0.8) (end -1.6 -0.8) (layer F.Fab) (width 0.1))
    (pad 2 smd roundrect (at 1.4875 0 270) (size 1.425 1.75) (layers F.Cu F.Paste F.Mask) (roundrect_rratio 0.175439)
      (net 17 "Net-(J1-Pad2)"))
    (pad 1 smd roundrect (at -1.4875 0 270) (size 1.425 1.75) (layers F.Cu F.Paste F.Mask) (roundrect_rratio 0.175439)
      (net 20 "Net-(D2-Pad2)"))
    (model ${KISYS3DMOD}/Resistor_SMD.3dshapes/R_1206_3216Metric.wrl
      (at (xyz 0 0 0))
      (scale (xyz 1 1 1))
      (rotate (xyz 0 0 0))
    )
  )

  (module Resistor_SMD:R_1206_3216Metric_Pad1.42x1.75mm_HandSolder (layer F.Cu) (tedit 5B301BBD) (tstamp 5BDBACFA)
    (at 148.4884 112.014)
    (descr "Resistor SMD 1206 (3216 Metric), square (rectangular) end terminal, IPC_7351 nominal with elongated pad for handsoldering. (Body size source: http://www.tortai-tech.com/upload/download/2011102023233369053.pdf), generated with kicad-footprint-generator")
    (tags "resistor handsolder")
    (path /5B42FAA7)
    (attr smd)
    (fp_text reference R3 (at 0 -1.82) (layer F.SilkS)
      (effects (font (size 1 1) (thickness 0.15)))
    )
    (fp_text value 470 (at 0 1.82) (layer F.Fab)
      (effects (font (size 1 1) (thickness 0.15)))
    )
    (fp_line (start -1.6 0.8) (end -1.6 -0.8) (layer F.Fab) (width 0.1))
    (fp_line (start -1.6 -0.8) (end 1.6 -0.8) (layer F.Fab) (width 0.1))
    (fp_line (start 1.6 -0.8) (end 1.6 0.8) (layer F.Fab) (width 0.1))
    (fp_line (start 1.6 0.8) (end -1.6 0.8) (layer F.Fab) (width 0.1))
    (fp_line (start -0.602064 -0.91) (end 0.602064 -0.91) (layer F.SilkS) (width 0.12))
    (fp_line (start -0.602064 0.91) (end 0.602064 0.91) (layer F.SilkS) (width 0.12))
    (fp_line (start -2.45 1.12) (end -2.45 -1.12) (layer F.CrtYd) (width 0.05))
    (fp_line (start -2.45 -1.12) (end 2.45 -1.12) (layer F.CrtYd) (width 0.05))
    (fp_line (start 2.45 -1.12) (end 2.45 1.12) (layer F.CrtYd) (width 0.05))
    (fp_line (start 2.45 1.12) (end -2.45 1.12) (layer F.CrtYd) (width 0.05))
    (fp_text user %R (at 0 0) (layer F.Fab)
      (effects (font (size 0.8 0.8) (thickness 0.12)))
    )
    (pad 1 smd roundrect (at -1.4875 0) (size 1.425 1.75) (layers F.Cu F.Paste F.Mask) (roundrect_rratio 0.175439)
      (net 18 "Net-(J1-Pad3)"))
    (pad 2 smd roundrect (at 1.4875 0) (size 1.425 1.75) (layers F.Cu F.Paste F.Mask) (roundrect_rratio 0.175439)
      (net 1 /LOAD))
    (model ${KISYS3DMOD}/Resistor_SMD.3dshapes/R_1206_3216Metric.wrl
      (at (xyz 0 0 0))
      (scale (xyz 1 1 1))
      (rotate (xyz 0 0 0))
    )
  )

  (module Resistor_SMD:R_1206_3216Metric_Pad1.42x1.75mm_HandSolder (layer F.Cu) (tedit 5B301BBD) (tstamp 5BDBA82B)
    (at 157.106 82.658 270)
    (descr "Resistor SMD 1206 (3216 Metric), square (rectangular) end terminal, IPC_7351 nominal with elongated pad for handsoldering. (Body size source: http://www.tortai-tech.com/upload/download/2011102023233369053.pdf), generated with kicad-footprint-generator")
    (tags "resistor handsolder")
    (path /5BD07A1F)
    (attr smd)
    (fp_text reference R2 (at 0 -1.82 270) (layer F.SilkS)
      (effects (font (size 1 1) (thickness 0.15)))
    )
    (fp_text value 10 (at 0 1.82 270) (layer F.Fab)
      (effects (font (size 1 1) (thickness 0.15)))
    )
    (fp_text user %R (at 0 0 270) (layer F.Fab)
      (effects (font (size 0.8 0.8) (thickness 0.12)))
    )
    (fp_line (start 2.45 1.12) (end -2.45 1.12) (layer F.CrtYd) (width 0.05))
    (fp_line (start 2.45 -1.12) (end 2.45 1.12) (layer F.CrtYd) (width 0.05))
    (fp_line (start -2.45 -1.12) (end 2.45 -1.12) (layer F.CrtYd) (width 0.05))
    (fp_line (start -2.45 1.12) (end -2.45 -1.12) (layer F.CrtYd) (width 0.05))
    (fp_line (start -0.602064 0.91) (end 0.602064 0.91) (layer F.SilkS) (width 0.12))
    (fp_line (start -0.602064 -0.91) (end 0.602064 -0.91) (layer F.SilkS) (width 0.12))
    (fp_line (start 1.6 0.8) (end -1.6 0.8) (layer F.Fab) (width 0.1))
    (fp_line (start 1.6 -0.8) (end 1.6 0.8) (layer F.Fab) (width 0.1))
    (fp_line (start -1.6 -0.8) (end 1.6 -0.8) (layer F.Fab) (width 0.1))
    (fp_line (start -1.6 0.8) (end -1.6 -0.8) (layer F.Fab) (width 0.1))
    (pad 2 smd roundrect (at 1.4875 0 270) (size 1.425 1.75) (layers F.Cu F.Paste F.Mask) (roundrect_rratio 0.175439)
      (net 16 "Net-(C4-Pad1)"))
    (pad 1 smd roundrect (at -1.4875 0 270) (size 1.425 1.75) (layers F.Cu F.Paste F.Mask) (roundrect_rratio 0.175439)
      (net 19 /Q))
    (model ${KISYS3DMOD}/Resistor_SMD.3dshapes/R_1206_3216Metric.wrl
      (at (xyz 0 0 0))
      (scale (xyz 1 1 1))
      (rotate (xyz 0 0 0))
    )
  )

  (module Resistor_SMD:R_1206_3216Metric_Pad1.42x1.75mm_HandSolder (layer F.Cu) (tedit 5B301BBD) (tstamp 5BDBB0C7)
    (at 148.844 101.9953 90)
    (descr "Resistor SMD 1206 (3216 Metric), square (rectangular) end terminal, IPC_7351 nominal with elongated pad for handsoldering. (Body size source: http://www.tortai-tech.com/upload/download/2011102023233369053.pdf), generated with kicad-footprint-generator")
    (tags "resistor handsolder")
    (path /5B283531)
    (attr smd)
    (fp_text reference R1 (at 0 -1.82 90) (layer F.SilkS)
      (effects (font (size 1 1) (thickness 0.15)))
    )
    (fp_text value 470 (at 0 1.82 90) (layer F.Fab)
      (effects (font (size 1 1) (thickness 0.15)))
    )
    (fp_line (start -1.6 0.8) (end -1.6 -0.8) (layer F.Fab) (width 0.1))
    (fp_line (start -1.6 -0.8) (end 1.6 -0.8) (layer F.Fab) (width 0.1))
    (fp_line (start 1.6 -0.8) (end 1.6 0.8) (layer F.Fab) (width 0.1))
    (fp_line (start 1.6 0.8) (end -1.6 0.8) (layer F.Fab) (width 0.1))
    (fp_line (start -0.602064 -0.91) (end 0.602064 -0.91) (layer F.SilkS) (width 0.12))
    (fp_line (start -0.602064 0.91) (end 0.602064 0.91) (layer F.SilkS) (width 0.12))
    (fp_line (start -2.45 1.12) (end -2.45 -1.12) (layer F.CrtYd) (width 0.05))
    (fp_line (start -2.45 -1.12) (end 2.45 -1.12) (layer F.CrtYd) (width 0.05))
    (fp_line (start 2.45 -1.12) (end 2.45 1.12) (layer F.CrtYd) (width 0.05))
    (fp_line (start 2.45 1.12) (end -2.45 1.12) (layer F.CrtYd) (width 0.05))
    (fp_text user %R (at 0 0 90) (layer F.Fab)
      (effects (font (size 0.8 0.8) (thickness 0.12)))
    )
    (pad 1 smd roundrect (at -1.4875 0 90) (size 1.425 1.75) (layers F.Cu F.Paste F.Mask) (roundrect_rratio 0.175439)
      (net 10 "Net-(D1-Pad2)"))
    (pad 2 smd roundrect (at 1.4875 0 90) (size 1.425 1.75) (layers F.Cu F.Paste F.Mask) (roundrect_rratio 0.175439)
      (net 17 "Net-(J1-Pad2)"))
    (model ${KISYS3DMOD}/Resistor_SMD.3dshapes/R_1206_3216Metric.wrl
      (at (xyz 0 0 0))
      (scale (xyz 1 1 1))
      (rotate (xyz 0 0 0))
    )
  )

  (module Resistor_THT:R_Array_SIP6 (layer B.Cu) (tedit 5A14249F) (tstamp 5BDB9CDB)
    (at 167.6273 87.2236 90)
    (descr "6-pin Resistor SIP pack")
    (tags R)
    (path /5B285552)
    (fp_text reference RN2 (at 7.62 2.4 90) (layer B.SilkS)
      (effects (font (size 1 1) (thickness 0.15)) (justify mirror))
    )
    (fp_text value 47k (at 7.62 -2.4 90) (layer B.Fab)
      (effects (font (size 1 1) (thickness 0.15)) (justify mirror))
    )
    (fp_line (start 14.4 1.65) (end -1.7 1.65) (layer B.CrtYd) (width 0.05))
    (fp_line (start 14.4 -1.65) (end 14.4 1.65) (layer B.CrtYd) (width 0.05))
    (fp_line (start -1.7 -1.65) (end 14.4 -1.65) (layer B.CrtYd) (width 0.05))
    (fp_line (start -1.7 1.65) (end -1.7 -1.65) (layer B.CrtYd) (width 0.05))
    (fp_line (start 1.27 1.4) (end 1.27 -1.4) (layer B.SilkS) (width 0.12))
    (fp_line (start 14.14 1.4) (end -1.44 1.4) (layer B.SilkS) (width 0.12))
    (fp_line (start 14.14 -1.4) (end 14.14 1.4) (layer B.SilkS) (width 0.12))
    (fp_line (start -1.44 -1.4) (end 14.14 -1.4) (layer B.SilkS) (width 0.12))
    (fp_line (start -1.44 1.4) (end -1.44 -1.4) (layer B.SilkS) (width 0.12))
    (fp_line (start 1.27 1.25) (end 1.27 -1.25) (layer B.Fab) (width 0.1))
    (fp_line (start 13.99 1.25) (end -1.29 1.25) (layer B.Fab) (width 0.1))
    (fp_line (start 13.99 -1.25) (end 13.99 1.25) (layer B.Fab) (width 0.1))
    (fp_line (start -1.29 -1.25) (end 13.99 -1.25) (layer B.Fab) (width 0.1))
    (fp_line (start -1.29 1.25) (end -1.29 -1.25) (layer B.Fab) (width 0.1))
    (fp_text user %R (at 6.35 0 90) (layer B.Fab)
      (effects (font (size 1 1) (thickness 0.15)) (justify mirror))
    )
    (pad 6 thru_hole oval (at 12.7 0 90) (size 1.6 1.6) (drill 0.8) (layers *.Cu *.Mask)
      (net 15 "Net-(RN2-Pad6)"))
    (pad 5 thru_hole oval (at 10.16 0 90) (size 1.6 1.6) (drill 0.8) (layers *.Cu *.Mask)
      (net 14 "Net-(RN2-Pad5)"))
    (pad 4 thru_hole oval (at 7.62 0 90) (size 1.6 1.6) (drill 0.8) (layers *.Cu *.Mask)
      (net 13 "Net-(RN2-Pad4)"))
    (pad 3 thru_hole oval (at 5.08 0 90) (size 1.6 1.6) (drill 0.8) (layers *.Cu *.Mask)
      (net 12 "Net-(RN2-Pad3)"))
    (pad 2 thru_hole oval (at 2.54 0 90) (size 1.6 1.6) (drill 0.8) (layers *.Cu *.Mask)
      (net 11 "Net-(RN2-Pad2)"))
    (pad 1 thru_hole rect (at 0 0 90) (size 1.6 1.6) (drill 0.8) (layers *.Cu *.Mask)
      (net 4 +3V3))
    (model ${KISYS3DMOD}/Resistor_THT.3dshapes/R_Array_SIP6.wrl
      (at (xyz 0 0 0))
      (scale (xyz 1 1 1))
      (rotate (xyz 0 0 0))
    )
  )

  (module Resistor_THT:R_Array_SIP6 (layer B.Cu) (tedit 5A14249F) (tstamp 5BDB9CC3)
    (at 134.366 84.582 90)
    (descr "6-pin Resistor SIP pack")
    (tags R)
    (path /5B28545A)
    (fp_text reference RN1 (at 7.62 2.4 90) (layer B.SilkS)
      (effects (font (size 1 1) (thickness 0.15)) (justify mirror))
    )
    (fp_text value 47k (at 7.62 -2.4 90) (layer B.Fab)
      (effects (font (size 1 1) (thickness 0.15)) (justify mirror))
    )
    (fp_text user %R (at 6.35 0 90) (layer B.Fab)
      (effects (font (size 1 1) (thickness 0.15)) (justify mirror))
    )
    (fp_line (start -1.29 1.25) (end -1.29 -1.25) (layer B.Fab) (width 0.1))
    (fp_line (start -1.29 -1.25) (end 13.99 -1.25) (layer B.Fab) (width 0.1))
    (fp_line (start 13.99 -1.25) (end 13.99 1.25) (layer B.Fab) (width 0.1))
    (fp_line (start 13.99 1.25) (end -1.29 1.25) (layer B.Fab) (width 0.1))
    (fp_line (start 1.27 1.25) (end 1.27 -1.25) (layer B.Fab) (width 0.1))
    (fp_line (start -1.44 1.4) (end -1.44 -1.4) (layer B.SilkS) (width 0.12))
    (fp_line (start -1.44 -1.4) (end 14.14 -1.4) (layer B.SilkS) (width 0.12))
    (fp_line (start 14.14 -1.4) (end 14.14 1.4) (layer B.SilkS) (width 0.12))
    (fp_line (start 14.14 1.4) (end -1.44 1.4) (layer B.SilkS) (width 0.12))
    (fp_line (start 1.27 1.4) (end 1.27 -1.4) (layer B.SilkS) (width 0.12))
    (fp_line (start -1.7 1.65) (end -1.7 -1.65) (layer B.CrtYd) (width 0.05))
    (fp_line (start -1.7 -1.65) (end 14.4 -1.65) (layer B.CrtYd) (width 0.05))
    (fp_line (start 14.4 -1.65) (end 14.4 1.65) (layer B.CrtYd) (width 0.05))
    (fp_line (start 14.4 1.65) (end -1.7 1.65) (layer B.CrtYd) (width 0.05))
    (pad 1 thru_hole rect (at 0 0 90) (size 1.6 1.6) (drill 0.8) (layers *.Cu *.Mask)
      (net 4 +3V3))
    (pad 2 thru_hole oval (at 2.54 0 90) (size 1.6 1.6) (drill 0.8) (layers *.Cu *.Mask)
      (net 5 "Net-(RN1-Pad2)"))
    (pad 3 thru_hole oval (at 5.08 0 90) (size 1.6 1.6) (drill 0.8) (layers *.Cu *.Mask)
      (net 6 "Net-(RN1-Pad3)"))
    (pad 4 thru_hole oval (at 7.62 0 90) (size 1.6 1.6) (drill 0.8) (layers *.Cu *.Mask)
      (net 7 "Net-(RN1-Pad4)"))
    (pad 5 thru_hole oval (at 10.16 0 90) (size 1.6 1.6) (drill 0.8) (layers *.Cu *.Mask)
      (net 8 "Net-(RN1-Pad5)"))
    (pad 6 thru_hole oval (at 12.7 0 90) (size 1.6 1.6) (drill 0.8) (layers *.Cu *.Mask)
      (net 9 "Net-(RN1-Pad6)"))
    (model ${KISYS3DMOD}/Resistor_THT.3dshapes/R_Array_SIP6.wrl
      (at (xyz 0 0 0))
      (scale (xyz 1 1 1))
      (rotate (xyz 0 0 0))
    )
  )

  (module Housings_DIP:DIP-16_W7.62mm_LongPads (layer B.Cu) (tedit 54130A77) (tstamp 5AECE521)
    (at 147.066 69.342 180)
    (descr "16-lead dip package, row spacing 7.62 mm (300 mils), longer pads")
    (tags "dil dip 2.54 300")
    (path /5AECD96E)
    (fp_text reference U1 (at 0 5.22 180) (layer B.SilkS)
      (effects (font (size 1 1) (thickness 0.15)) (justify mirror))
    )
    (fp_text value 74HC165 (at 0 3.72 180) (layer B.Fab)
      (effects (font (size 1 1) (thickness 0.15)) (justify mirror))
    )
    (fp_line (start -1.4 2.45) (end -1.4 -20.25) (layer B.CrtYd) (width 0.05))
    (fp_line (start 9 2.45) (end 9 -20.25) (layer B.CrtYd) (width 0.05))
    (fp_line (start -1.4 2.45) (end 9 2.45) (layer B.CrtYd) (width 0.05))
    (fp_line (start -1.4 -20.25) (end 9 -20.25) (layer B.CrtYd) (width 0.05))
    (fp_line (start 0.135 2.295) (end 0.135 1.025) (layer B.SilkS) (width 0.15))
    (fp_line (start 7.485 2.295) (end 7.485 1.025) (layer B.SilkS) (width 0.15))
    (fp_line (start 7.485 -20.075) (end 7.485 -18.805) (layer B.SilkS) (width 0.15))
    (fp_line (start 0.135 -20.075) (end 0.135 -18.805) (layer B.SilkS) (width 0.15))
    (fp_line (start 0.135 2.295) (end 7.485 2.295) (layer B.SilkS) (width 0.15))
    (fp_line (start 0.135 -20.075) (end 7.485 -20.075) (layer B.SilkS) (width 0.15))
    (fp_line (start 0.135 1.025) (end -1.15 1.025) (layer B.SilkS) (width 0.15))
    (pad 1 thru_hole oval (at 0 0 180) (size 2.3 1.6) (drill 0.8) (layers *.Cu *.Mask)
      (net 1 /LOAD))
    (pad 2 thru_hole oval (at 0 -2.54 180) (size 2.3 1.6) (drill 0.8) (layers *.Cu *.Mask)
      (net 2 /CLK))
    (pad 3 thru_hole oval (at 0 -5.08 180) (size 2.3 1.6) (drill 0.8) (layers *.Cu *.Mask)
      (net 9 "Net-(RN1-Pad6)"))
    (pad 4 thru_hole oval (at 0 -7.62 180) (size 2.3 1.6) (drill 0.8) (layers *.Cu *.Mask)
      (net 4 +3V3))
    (pad 5 thru_hole oval (at 0 -10.16 180) (size 2.3 1.6) (drill 0.8) (layers *.Cu *.Mask)
      (net 3 GND))
    (pad 6 thru_hole oval (at 0 -12.7 180) (size 2.3 1.6) (drill 0.8) (layers *.Cu *.Mask)
      (net 3 GND))
    (pad 7 thru_hole oval (at 0 -15.24 180) (size 2.3 1.6) (drill 0.8) (layers *.Cu *.Mask)
      (net 27 "Net-(U1-Pad7)"))
    (pad 8 thru_hole oval (at 0 -17.78 180) (size 2.3 1.6) (drill 0.8) (layers *.Cu *.Mask)
      (net 3 GND))
    (pad 9 thru_hole oval (at 7.62 -17.78 180) (size 2.3 1.6) (drill 0.8) (layers *.Cu *.Mask)
      (net 28 /Q_intermediate))
    (pad 10 thru_hole oval (at 7.62 -15.24 180) (size 2.3 1.6) (drill 0.8) (layers *.Cu *.Mask)
      (net 3 GND))
    (pad 11 thru_hole oval (at 7.62 -12.7 180) (size 2.3 1.6) (drill 0.8) (layers *.Cu *.Mask)
      (net 5 "Net-(RN1-Pad2)"))
    (pad 12 thru_hole oval (at 7.62 -10.16 180) (size 2.3 1.6) (drill 0.8) (layers *.Cu *.Mask)
      (net 6 "Net-(RN1-Pad3)"))
    (pad 13 thru_hole oval (at 7.62 -7.62 180) (size 2.3 1.6) (drill 0.8) (layers *.Cu *.Mask)
      (net 7 "Net-(RN1-Pad4)"))
    (pad 14 thru_hole oval (at 7.62 -5.08 180) (size 2.3 1.6) (drill 0.8) (layers *.Cu *.Mask)
      (net 8 "Net-(RN1-Pad5)"))
    (pad 15 thru_hole oval (at 7.62 -2.54 180) (size 2.3 1.6) (drill 0.8) (layers *.Cu *.Mask)
      (net 3 GND))
    (pad 16 thru_hole oval (at 7.62 0 180) (size 2.3 1.6) (drill 0.8) (layers *.Cu *.Mask)
      (net 4 +3V3))
    (model Housings_DIP.3dshapes/DIP-16_W7.62mm_LongPads.wrl
      (at (xyz 0 0 0))
      (scale (xyz 1 1 1))
      (rotate (xyz 0 0 0))
    )
  )

  (module Housings_DIP:DIP-16_W7.62mm_LongPads (layer B.Cu) (tedit 54130A77) (tstamp 5AECE540)
    (at 153.872 87.242)
    (descr "16-lead dip package, row spacing 7.62 mm (300 mils), longer pads")
    (tags "dil dip 2.54 300")
    (path /5AECD9AB)
    (fp_text reference U2 (at 0 5.22) (layer B.SilkS)
      (effects (font (size 1 1) (thickness 0.15)) (justify mirror))
    )
    (fp_text value 74HC165 (at 0 3.72) (layer B.Fab)
      (effects (font (size 1 1) (thickness 0.15)) (justify mirror))
    )
    (fp_line (start -1.4 2.45) (end -1.4 -20.25) (layer B.CrtYd) (width 0.05))
    (fp_line (start 9 2.45) (end 9 -20.25) (layer B.CrtYd) (width 0.05))
    (fp_line (start -1.4 2.45) (end 9 2.45) (layer B.CrtYd) (width 0.05))
    (fp_line (start -1.4 -20.25) (end 9 -20.25) (layer B.CrtYd) (width 0.05))
    (fp_line (start 0.135 2.295) (end 0.135 1.025) (layer B.SilkS) (width 0.15))
    (fp_line (start 7.485 2.295) (end 7.485 1.025) (layer B.SilkS) (width 0.15))
    (fp_line (start 7.485 -20.075) (end 7.485 -18.805) (layer B.SilkS) (width 0.15))
    (fp_line (start 0.135 -20.075) (end 0.135 -18.805) (layer B.SilkS) (width 0.15))
    (fp_line (start 0.135 2.295) (end 7.485 2.295) (layer B.SilkS) (width 0.15))
    (fp_line (start 0.135 -20.075) (end 7.485 -20.075) (layer B.SilkS) (width 0.15))
    (fp_line (start 0.135 1.025) (end -1.15 1.025) (layer B.SilkS) (width 0.15))
    (pad 1 thru_hole oval (at 0 0) (size 2.3 1.6) (drill 0.8) (layers *.Cu *.Mask)
      (net 1 /LOAD))
    (pad 2 thru_hole oval (at 0 -2.54) (size 2.3 1.6) (drill 0.8) (layers *.Cu *.Mask)
      (net 2 /CLK))
    (pad 3 thru_hole oval (at 0 -5.08) (size 2.3 1.6) (drill 0.8) (layers *.Cu *.Mask)
      (net 11 "Net-(RN2-Pad2)"))
    (pad 4 thru_hole oval (at 0 -7.62) (size 2.3 1.6) (drill 0.8) (layers *.Cu *.Mask)
      (net 3 GND))
    (pad 5 thru_hole oval (at 0 -10.16) (size 2.3 1.6) (drill 0.8) (layers *.Cu *.Mask)
      (net 3 GND))
    (pad 6 thru_hole oval (at 0 -12.7) (size 2.3 1.6) (drill 0.8) (layers *.Cu *.Mask)
      (net 3 GND))
    (pad 7 thru_hole oval (at 0 -15.24) (size 2.3 1.6) (drill 0.8) (layers *.Cu *.Mask)
      (net 29 "Net-(U2-Pad7)"))
    (pad 8 thru_hole oval (at 0 -17.78) (size 2.3 1.6) (drill 0.8) (layers *.Cu *.Mask)
      (net 3 GND))
    (pad 9 thru_hole oval (at 7.62 -17.78) (size 2.3 1.6) (drill 0.8) (layers *.Cu *.Mask)
      (net 19 /Q))
    (pad 10 thru_hole oval (at 7.62 -15.24) (size 2.3 1.6) (drill 0.8) (layers *.Cu *.Mask)
      (net 28 /Q_intermediate))
    (pad 11 thru_hole oval (at 7.62 -12.7) (size 2.3 1.6) (drill 0.8) (layers *.Cu *.Mask)
      (net 15 "Net-(RN2-Pad6)"))
    (pad 12 thru_hole oval (at 7.62 -10.16) (size 2.3 1.6) (drill 0.8) (layers *.Cu *.Mask)
      (net 14 "Net-(RN2-Pad5)"))
    (pad 13 thru_hole oval (at 7.62 -7.62) (size 2.3 1.6) (drill 0.8) (layers *.Cu *.Mask)
